splprb
  
 SPLPRB
   Tests for the spline package SPLPAK.
  
 TEST01
   The Runge example
   Use polynomial interpolation of order N.
  
   N   Max error   Decay exponent
  
  
   2  0.8968E+00       0.00
   4  0.6995E+00      -0.36
   6  0.4301E+00      -1.20
   8  0.2462E+00      -1.94
  10  0.3001E+00       0.89
  12  0.5563E+00       3.39
  14  0.1065E+01       4.21
  16  0.2105E+01       5.11
  18  0.4224E+01       5.91
  20  0.8578E+01       6.72
  
 TEST02
   Runge example
   Use cubic Hermite interpolation of order N
  
   N   Max error   Decay exponent
  
  
  2  0.8599E+00       0.00
  4  0.5336E+00      -0.69
  6  0.2479E+00      -1.89
  8  0.1133E+00      -2.72
 10  0.5527E-01      -3.22
 12  0.2914E-01      -3.51
 14  0.1651E-01      -3.69
 16  0.9942E-02      -3.80
 18  0.6302E-02      -3.87
 20  0.4171E-02      -3.92
  
 TEST03
   The Runge example
   Use cubic spline interpolation of order N.
  
  
 Boundary conditions are 
 Not-a-knot.
  
   N   Max error   Decay exponent
  
  
   2  0.8968E+00       0.00
   4  0.6995E+00      -0.36
   6  0.4290E+00      -1.21
   8  0.2459E+00      -1.93
  10  0.1423E+00      -2.45
  12  0.8380E-01      -2.91
  14  0.5027E-01      -3.31
  16  0.3077E-01      -3.68
  18  0.1924E-01      -3.99
  20  0.1229E-01      -4.25
  
 Boundary conditions are 
 Derivatives at endpoints.
  
   N   Max error   Decay exponent
  
  
   2  0.8599E+00       0.00
   4  0.6754E+00      -0.35
   6  0.4192E+00      -1.18
   8  0.2448E+00      -1.87
  10  0.1423E+00      -2.43
  12  0.8380E-01      -2.90
  14  0.5027E-01      -3.31
  16  0.3077E-01      -3.68
  18  0.1924E-01      -3.99
  20  0.1229E-01      -4.25
  
 Boundary conditions are 
 Second derivatives at endpoints.
  
   N   Max error   Decay exponent
  
  
   2  0.1002E+01       0.00
   4  0.6915E+00      -0.53
   6  0.4213E+00      -1.22
   8  0.2448E+00      -1.89
  10  0.1423E+00      -2.43
  12  0.8380E-01      -2.90
  14  0.5027E-01      -3.32
  16  0.3077E-01      -3.68
  18  0.1924E-01      -3.99
  20  0.1229E-01      -4.25
  
 TEST04
   The Runge example
   Use simple Hermite interpolation of order N.
  
   N   Max error   Decay exponent
  
  
   2  0.8599E+00       0.00
   4  0.5336E+00      -0.69
   6  0.2479E+00      -1.89
   8  0.1133E+00      -2.72
  10  0.5527E-01      -3.22
  12  0.2914E-01      -3.51
  14  0.1651E-01      -3.69
  16  0.9942E-02      -3.80
  18  0.6302E-02      -3.87
  20  0.4171E-02      -3.92
  
 TEST05
   The Runge example
   Use simple cubic spline of order N.
  
   N   Max error   Decay exponent
  
  
   2  0.8599E+00       0.00
   4  0.6754E+00      -0.35
   6  0.4192E+00      -1.18
   8  0.2448E+00      -1.87
  10  0.1423E+00      -2.43
  12  0.8380E-01      -2.90
  14  0.5027E-01      -3.31
  16  0.3077E-01      -3.68
  18  0.1924E-01      -3.99
  20  0.1229E-01      -4.25
  
 TEST06
   Piecewise representation
  -1.00000     -0.833333E-01
 -0.800000     -0.426667E-01
 -0.600000     -0.180000E-01
 -0.400000     -0.533333E-02
 -0.200000     -0.666667E-03
   0.00000       0.00000    
  0.200000      0.666667E-03
  0.400000      0.533333E-02
  0.600000      0.180000E-01
  0.800000      0.426667E-01
   1.00000      0.833333E-01
   1.20000      0.142400    
   1.40000      0.215867    
   1.60000      0.298133    
   1.80000      0.383600    
   2.00000      0.466667    
   2.20000      0.541733    
   2.40000      0.603200    
   2.60000      0.645467    
   2.80000      0.662933    
   3.00000      0.650000    
   3.20000      0.603733    
   3.40000      0.531867    
   3.60000      0.444800    
   3.80000      0.352933    
   4.00000      0.266667    
   4.20000      0.194400    
   4.40000      0.136533    
   4.60000      0.914667E-01
   4.80000      0.575999E-01
   5.00000      0.333333E-01
   5.20000      0.170666E-01
   5.40000      0.719997E-02
   5.60000      0.213331E-02
   5.80000      0.266582E-03
   6.00000     -0.894070E-07
   6.20000     -0.266671E-03
   6.40000     -0.213337E-02
   6.60000     -0.720003E-02
   6.80000     -0.170667E-01
   7.00000     -0.333335E-01
  
 TEST07
   Construct a spline via BVALUE
  -1.00000       0.00000    
 -0.800000       0.00000    
 -0.600000       0.00000    
 -0.400000       0.00000    
 -0.200000       0.00000    
   0.00000       0.00000    
  0.200000      0.666667E-03
  0.400000      0.533333E-02
  0.600000      0.180000E-01
  0.800000      0.426667E-01
   1.00000      0.833333E-01
   1.20000      0.142400    
   1.40000      0.215867    
   1.60000      0.298133    
   1.80000      0.383600    
   2.00000      0.466667    
   2.20000      0.541733    
   2.40000      0.603200    
   2.60000      0.645467    
   2.80000      0.662933    
   3.00000      0.650000    
   3.20000      0.603733    
   3.40000      0.531867    
   3.60000      0.444800    
   3.80000      0.352933    
   4.00000      0.266667    
   4.20000      0.194400    
   4.40000      0.136533    
   4.60000      0.914667E-01
   4.80000      0.576000E-01
   5.00000      0.333333E-01
   5.20000      0.170666E-01
   5.40000      0.720000E-02
   5.60000      0.213333E-02
   5.80000      0.266666E-03
   6.00000       0.00000    
   6.20000       0.00000    
   6.40000       0.00000    
   6.60000       0.00000    
   6.80000       0.00000    
   7.00000       0.00000    
  
 TEST08
   Cubic spline, good knots
  
 Run  1
  
 ITERMX =  0
 NLOW =  4
 NHIGH =  20
 Take  0  cycles through NEWNOT
  
   N   Max error   Decay exponent
  
  4  0.1476E+00       0.00
  6  0.1114E+00      -0.69
  8  0.9414E-01      -0.59
 10  0.8303E-01      -0.56
 12  0.7510E-01      -0.55
 14  0.6908E-01      -0.54
 16  0.6431E-01      -0.54
 18  0.6041E-01      -0.53
 20  0.5714E-01      -0.53
  
 Run  2
  
 ITERMX =  3
 NLOW =  4
 NHIGH =  20
 Take  3  cycles through NEWNOT
  
   N   Max error   Decay exponent
  
  4  0.1514E+00       0.00
  6  0.1273E+00      -0.43
  8  0.1074E+00      -0.59
 10  0.9164E-01      -0.71
 12  0.8068E-01      -0.70
 14  0.7187E-01      -0.75
 16  0.6595E-01      -0.64
 18  0.6093E-01      -0.67
 20  0.5719E-01      -0.60
  
 TEST09
   Cubic spline with good knots
  
 Run number  1
  
   N   Max error   Decay exponent
  
  4  0.3834E+03       0.00
  6  0.1284E+03      -2.70
  8  0.4572E+02      -3.59
 10  0.1138E+02      -6.23
  
 Run number  2
  
   N   Max error   Decay exponent
  
  4  0.4882E+02       0.00
  6  0.1179E+02      -3.50
  8  0.2898E+01      -4.88
 10  0.5748E+00      -7.25
 12  0.1381E+00      -7.82
 14  0.8346E-01      -3.27
 16  0.5395E-01      -3.27
 18  0.4629E-01      -1.30
 20  0.2145E-01      -7.30
  
 Run number  3
  
   N   Max error   Decay exponent
  
  4  0.5001E+01       0.00
  6  0.7842E+00      -4.57
  8  0.1217E+00      -6.48
 10  0.5025E-01      -3.96
 12  0.3364E-01      -2.20
 14  0.2408E-01      -2.17
 16  0.1809E-01      -2.14
 18  0.1408E-01      -2.13
 20  0.1129E-01      -2.09
  
 TEST10
   Quasi-interpolant
  
 Run  1
  
   N   Max error   Decay exponent
  4  0.7240E+00       0.00
  6  0.9952E-01      -4.89
  8  0.3031E-01      -4.13
 10  0.1197E-01      -4.17
  
 Run  2
  
   N   Max error   Decay exponent
  4  0.4128E+00       0.00
  6  0.8938E-01      -3.77
  8  0.3258E-01      -3.51
 10  0.1535E-01      -3.37
 12  0.8372E-02      -3.32
 14  0.5060E-02      -3.27
 16  0.3281E-02      -3.24
 18  0.2856E-02      -1.18
 20  0.1289E-02      -7.55
  
 TEST11
 A large norm amplifies noise.
  
  
 Run  1
 Size of noise  =  9.999999975E-7
  
  
     H           Max error
  
 0.17E+00      0.143E-05
 0.83E-01      0.274E-05
 0.42E-01      0.679E-05
 0.21E-01      0.160E-04
 0.10E-01      0.353E-04
 0.52E-02      0.672E-04
 0.26E-02      0.146E-03
 0.13E-02      0.259E-03
 0.65E-03      0.570E-03
 0.33E-03      0.111E-02
  
 Run  2
 Size of noise  =  0.E+0
  
  
     H           Max error
  
 0.17E+00      0.238E-06
 0.83E-01      0.238E-06
 0.42E-01      0.477E-06
 0.21E-01      0.477E-06
 0.10E-01      0.155E-05
 0.52E-02      0.477E-06
 0.26E-02      0.954E-06
 0.13E-02      0.203E-04
 0.65E-03      0.751E-05
 0.33E-03      0.157E-04
  
 TEST12
 Interpolation at knot averages
  
 Run  1
 We will take  0  cycles through NEWNOT.
 NLOW is  4  and NHIGH is  20
  
  
   N   Max error   Decay exponent
  
  4  0.1476E+00       0.00
  6  0.9126E-01      -1.19
  8  0.7070E-01      -0.89
 10  0.5975E-01      -0.75
 12  0.5270E-01      -0.69
 14  0.4767E-01      -0.65
 16  0.4385E-01      -0.63
 18  0.4082E-01      -0.61
 20  0.3834E-01      -0.59
  
 Run  2
 We will take  3  cycles through NEWNOT.
 NLOW is  4  and NHIGH is  20
  
  
   N   Max error   Decay exponent
  
  4  0.1476E+00       0.00
  6  0.7753E-01      -1.59
  8  0.4044E-01      -2.26
 10  0.2593E-01      -1.99
 12  0.1822E-01      -1.94
 14  0.1364E-01      -1.88
 16  0.1065E-01      -1.85
 18  0.8637E-02      -1.78
 20  0.7155E-02      -1.79
  
 Run  3
 We will take  6  cycles through NEWNOT.
 NLOW is  4  and NHIGH is  20
  
  
   N   Max error   Decay exponent
  
  4  0.1476E+00       0.00
  6  0.7545E-01      -1.65
  8  0.3413E-01      -2.76
 10  0.1870E-01      -2.70
 12  0.1139E-01      -2.72
 14  0.7548E-02      -2.67
 16  0.5329E-02      -2.61
 18  0.3924E-02      -2.60
 20  0.3009E-02      -2.52
  
 TEST13
 Modified example 2
  
  
 Run  1
 Take  0  cycles through NEWNOT
  
   N   Max error   Decay exponent
  4  0.1476E+00       0.00
  6  0.9126E-01      -1.19
  8  0.6436E-01      -1.21
 10  0.4381E-01      -1.72
 12  0.2896E-01      -2.27
 14  0.1919E-01      -2.67
 16  0.1278E-01      -3.04
 18  0.8604E-02      -3.36
 20  0.5865E-02      -3.64
  
 Run  2
 Take  1  cycles through NEWNOT
  
   N   Max error   Decay exponent
  4  0.1476E+00       0.00
  6  0.8335E-01      -1.41
  8  0.5004E-01      -1.77
 10  0.2833E-01      -2.55
 12  0.1647E-01      -2.97
 14  0.9871E-02      -3.32
 16  0.6103E-02      -3.60
 18  0.3895E-02      -3.81
 20  0.2568E-02      -3.95
  
 Run  3
 Take  2  cycles through NEWNOT
  
   N   Max error   Decay exponent
  4  0.1476E+00       0.00
  6  0.7954E-01      -1.52
  8  0.4189E-01      -2.23
 10  0.2240E-01      -2.81
 12  0.1259E-01      -3.16
 14  0.7395E-02      -3.45
 16  0.4526E-02      -3.68
 18  0.2878E-02      -3.84
 20  0.1891E-02      -3.99
  
 TEST14
 Optimal spline test
  
   I, data point, data, interpolant, error
  
  1    595.    0.6440   0.6440  0.000E+00
  2    605.    0.6220   0.1043  0.518E+00
  3    615.    0.6380   0.0436  0.594E+00
  4    625.    0.6490   0.2780  0.371E+00
  5    635.    0.6520   0.6520  0.596E-07
  6    645.    0.6390   1.0378 -0.399E+00
  7    655.    0.6460   1.3359 -0.690E+00
  8    665.    0.6570   1.4749 -0.818E+00
  9    675.    0.6520   1.4114 -0.759E+00
 10    685.    0.6550   1.1302 -0.475E+00
 11    695.    0.6440   0.6440 -0.119E-06
 12    705.    0.6630  -0.0062  0.669E+00
 13    715.    0.6630  -0.7513  0.141E+01
 14    725.    0.6680  -1.4943  0.216E+01
 15    735.    0.6760  -2.1102  0.279E+01
 16    745.    0.6760  -2.4607  0.314E+01
 17    755.    0.6860  -2.4516  0.314E+01
 18    765.    0.6790  -2.0563  0.274E+01
 19    775.    0.6780  -1.3160  0.199E+01
 20    785.    0.6830  -0.3401  0.102E+01
 21    795.    0.6940   0.6940 -0.179E-06
 22    805.    0.6990   1.5515 -0.853E+00
 23    815.    0.7100   2.0381 -0.133E+01
 24    825.    0.7300   2.0863 -0.136E+01
 25    835.    0.7630   1.7620 -0.999E+00
 26    845.    0.8120   1.2646 -0.453E+00
 27    855.    0.9070   0.9070  0.596E-07
 28    865.    1.0440   0.9300  0.114E+00
 29    875.    1.3360   1.3360  0.000E+00
 30    885.    1.8810   1.8775  0.354E-02
 31    895.    2.1690   2.1690 -0.477E-06
 32    905.    2.0750   2.0308  0.442E-01
 33    915.    1.5980   1.5980 -0.238E-06
 34    925.    1.2110   1.1682  0.428E-01
 35    935.    0.9160   0.9160 -0.596E-07
 36    945.    0.7460   0.8395 -0.935E-01
 37    955.    0.6720   0.8294 -0.157E+00
 38    965.    0.6270   0.8007 -0.174E+00
 39    975.    0.6150   0.7207 -0.106E+00
 40    985.    0.6070   0.6070 -0.596E-07
 41    995.    0.6060   0.5031  0.103E+00
 42   1005.    0.6090   0.4419  0.167E+00
 43   1015.    0.6030   0.4403  0.163E+00
 44   1025.    0.6010   0.4990  0.102E+00
 45   1035.    0.6030   0.6030 -0.119E-06
 46   1045.    0.6010   0.7210 -0.120E+00
 47   1055.    0.6110   0.8060 -0.195E+00
 48   1065.    0.6010   0.7947 -0.194E+00
 49   1075.    0.6080   0.6080  0.000E+00
  
 Optimal knots:
  
    1   730.985    
    2   794.414    
    3   844.476    
    4   880.060    
    5   907.814    
    6   938.000    
    7   976.752    
  
 TEST15
 Cubic smoothing spline
  
 The exact data values were rounded to  2
 digits after the decimal point.
  
 Value and derivatives of noisefree function at some points:
  
   1  0.0000000E+00  0.0000000E+00  0.0000000E+00  0.5000000E+00
   6  0.1041667E-01  0.6250000E-01  0.2500000E+00  0.5000000E+00
  11  0.8333334E-01  0.2500000E+00  0.5000000E+00 -0.7000000E+00
  16  0.2562500E+00  0.4125000E+00  0.1500000E+00 -0.7000000E+00
  21  0.4666667E+00  0.4000000E+00 -0.2000000E+00 -0.7000000E+00
  26  0.6270833E+00  0.2124999E+00 -0.5500001E+00 -0.7000000E+00
  31  0.6500000E+00 -0.1500000E+00 -0.9000000E+00  0.1300000E+01
  36  0.4895833E+00 -0.4375001E+00 -0.2500000E+00  0.1300000E+01
  41  0.2666667E+00 -0.4000000E+00  0.4000000E+00 -0.2000000E+00
  46  0.1125000E+00 -0.2250000E+00  0.3000000E+00 -0.2000000E+00
  51  0.3333332E-01 -0.1000000E+00  0.2000000E+00 -0.2000000E+00
  56  0.4166633E-02 -0.2500004E-01  0.9999999E-01 -0.2000000E+00
  61 -0.8940697E-07 -0.2980232E-07  0.0000000E+00 -0.2000000E+00
  
 Prescribed S =        600000.
 S(Smoothing spline)  =  137292.813
  
 Value and derivatives of smoothing spline at corresponding points:
  
   1  0.2949416E+00 -0.1681417E-01  0.0000000E+00  0.0000000E+00
   6  0.2865339E+00 -0.1685768E-01  0.0000000E+00  0.0000000E+00
  11  0.2781245E+00 -0.1674324E-01  0.0000000E+00  0.0000000E+00
  16  0.2697705E+00 -0.1671850E-01  0.0000000E+00  0.0000000E+00
  21  0.2614206E+00 -0.1718161E-01  0.0000000E+00  0.0000000E+00
  26  0.2530047E+00 -0.1644847E-01  0.0000000E+00  0.0000000E+00
  31  0.2450134E+00 -0.1582173E-01  0.0000000E+00  0.0000000E+00
  36  0.2371033E+00 -0.1604510E-01  0.0000000E+00  0.0000000E+00
  41  0.2291455E+00 -0.1577170E-01  0.0000000E+00  0.0000000E+00
  46  0.2212827E+00 -0.1576947E-01  0.0000000E+00  0.0000000E+00
  51  0.2134389E+00 -0.1572163E-01  0.0000000E+00  0.0000000E+00
  56  0.2056005E+00 -0.1565324E-01  0.0000000E+00  0.0000000E+00
  61  0.1977749E+00 -0.1565041E-01  0.0000000E+00  0.0000000E+00
  
 Prescribed S =        60000.
 S(Smoothing spline)  =  59929.2969
  
 Value and derivatives of smoothing spline at corresponding points:
  
   1  0.1126900E+00  0.1264300E+00  0.0000000E+00 -0.3136690E-02
   6  0.1757769E+00  0.1254492E+00 -0.5380719E-02 -0.2353634E-01
  11  0.2372659E+00  0.1191604E+00 -0.2187161E-01 -0.4676682E-01
  16  0.2930996E+00  0.1019527E+00 -0.4849591E-01 -0.5921549E-01
  21  0.3367118E+00  0.7005847E-01 -0.7729984E-01 -0.5038411E-01
  26  0.3610500E+00  0.2559979E-01 -0.9716609E-01 -0.2019686E-01
  31  0.3614772E+00 -0.2445776E-01 -0.9912893E-01  0.2053846E-01
  36  0.3373911E+00 -0.7062079E-01 -0.8204506E-01  0.5047739E-01
  41  0.2929014E+00 -0.1052049E+00 -0.5470046E-01  0.5631169E-01
  46  0.2345865E+00 -0.1260336E+00 -0.2864983E-01  0.4340405E-01
  51  0.1688431E+00 -0.1355305E+00 -0.1072697E-01  0.2426531E-01
  56  0.1001806E+00 -0.1384084E+00 -0.2060405E-02  0.8154896E-02
  61  0.3085231E-01 -0.1387396E+00  0.0000000E+00  0.8587639E-03
  
 Prescribed S =        6000.
 S(Smoothing spline)  =  6023.57617
  
 Value and derivatives of smoothing spline at corresponding points:
  
   1 -0.7706967E-01  0.2018363E+00  0.0000000E+00  0.8331784E-01
   6  0.2644129E-01  0.2193233E+00  0.8214041E-01  0.1894594E+00
  11  0.1496858E+00  0.2779586E+00  0.1316945E+00 -0.9160449E-01
  16  0.3020063E+00  0.3216166E+00  0.1640457E-01 -0.4011900E+00
  21  0.4559641E+00  0.2751006E+00 -0.2109259E+00 -0.4672601E+00
  26  0.5579732E+00  0.1165000E+00 -0.4062915E+00 -0.2161839E+00
  31  0.5624655E+00 -0.9993065E-01 -0.4221461E+00  0.2518883E+00
  36  0.4663008E+00 -0.2680554E+00 -0.2244370E+00  0.5354131E+00
  41  0.3153037E+00 -0.3144445E+00  0.3096514E-01  0.4081649E+00
  46  0.1694219E+00 -0.2573813E+00  0.1711295E+00  0.8689725E-01
  51  0.6299265E-01 -0.1692485E+00  0.1611938E+00 -0.1509140E+00
  56 -0.5007543E-02 -0.1106002E+00  0.6867684E-01 -0.1932717E+00
  61 -0.5538012E-01 -0.9676534E-01  0.0000000E+00 -0.5986987E-01
  
 Prescribed S =        600.
 S(Smoothing spline)  =  603.696289
  
 Value and derivatives of smoothing spline at corresponding points:
  
   1 -0.2970812E-01  0.7802380E-01  0.0000000E+00  0.1879552E+00
   6  0.1513955E-01  0.1173730E+00  0.1858721E+00  0.4509555E+00
  11  0.1053568E+00  0.2557102E+00  0.3271781E+00 -0.1073172E+00
  16  0.2695511E+00  0.3855442E+00  0.1452020E+00 -0.6317107E+00
  21  0.4664035E+00  0.3712237E+00 -0.2193717E+00 -0.7644511E+00
  26  0.6093808E+00  0.1722501E+00 -0.5595061E+00 -0.4539167E+00
  31  0.6189304E+00 -0.1387593E+00 -0.6150002E+00  0.4412949E+00
  36  0.4845044E+00 -0.3685003E+00 -0.2553991E+00  0.9610383E+00
  41  0.2875531E+00 -0.3840047E+00  0.1636423E+00  0.5533036E+00
  46  0.1252772E+00 -0.2533837E+00  0.3070283E+00 -0.4288916E-01
  51  0.3496337E-01 -0.1146581E+00  0.2279790E+00 -0.2800825E+00
  56  0.1059006E-03 -0.3667851E-01  0.8773753E-01 -0.2465093E+00
  61 -0.1194446E-01 -0.1903657E-01  0.0000000E+00 -0.7556933E-01
  
 Prescribed S =        60.
 S(Smoothing spline)  =  60.1101036
  
 Value and derivatives of smoothing spline at corresponding points:
  
   1 -0.8401442E-02  0.2582848E-01  0.0000000E+00  0.2517822E+00
   6  0.1198567E-01  0.7526295E-01  0.2300740E+00  0.5643889E+00
  11  0.8924305E-01  0.2504272E+00  0.4184507E+00 -0.2173858E+00
  16  0.2591381E+00  0.4062576E+00  0.1575957E+00 -0.6429705E+00
  21  0.4678743E+00  0.3973140E+00 -0.2159999E+00 -0.7443045E+00
  26  0.6247243E+00  0.1993743E+00 -0.5940344E+00 -0.7222624E+00
  31  0.6391589E+00 -0.1522353E+00 -0.7222468E+00  0.5305223E+00
  36  0.4878088E+00 -0.4132698E+00 -0.2530401E+00  0.1288964E+01
  41  0.2740743E+00 -0.3996764E+00  0.2467653E+00  0.5556458E+00
  46  0.1133077E+00 -0.2373701E+00  0.3303066E+00 -0.1860817E+00
  51  0.3150339E-01 -0.9930598E-01  0.2192170E+00 -0.2914560E+00
  56  0.2945665E-02 -0.2602492E-01  0.9221991E-01 -0.2136253E+00
  61 -0.3060506E-02 -0.6128279E-02  0.0000000E+00 -0.9172009E-01
  
 Prescribed S =        6.
 S(Smoothing spline)  =  6.01514626
  
 Value and derivatives of smoothing spline at corresponding points:
  
   1 -0.7719647E-04 -0.3259228E-02  0.0000000E+00  0.2893288E+00
   6  0.1196380E-01  0.5910050E-01  0.3704661E+00 -0.1857154E+01
  11  0.8113714E-01  0.2499684E+00  0.6300461E+00 -0.2072830E+01
  16  0.2597299E+00  0.4002732E+00 -0.4650526E-01  0.7191873E+00
  21  0.4704115E+00  0.4034677E+00 -0.4439611E+00 -0.1969324E+01
  26  0.6287940E+00  0.2457624E+00 -0.8249015E+00 -0.2005402E+01
  31  0.6490572E+00 -0.1504890E+00 -0.9946595E+00  0.1618005E+01
  36  0.4882318E+00 -0.4451083E+00 -0.4216347E+00  0.6263909E+01
  41  0.2690255E+00 -0.4038362E+00  0.1342513E-01  0.2164415E+01
  46  0.1116082E+00 -0.2373613E+00  0.3949906E+00 -0.3059709E+00
  51  0.2979602E-01 -0.9932142E-01  0.3890099E+00  0.4999285E+00
  56  0.2231960E-02 -0.4058279E-01  0.4163840E+00 -0.2147338E+01
  61  0.2664656E-04  0.1616440E-03  0.0000000E+00  0.9987007E-01
  
 Prescribed S =        0.600000024
 S(Smoothing spline)  =  0.600958943
  
 Value and derivatives of smoothing spline at corresponding points:
  
   1 -0.1212274E-05  0.1580324E-03  0.0000000E+00  0.9912909E-01
   6  0.1066240E-01  0.3942128E-01  0.1660728E+01 -0.1883868E+02
  11  0.8046316E-01  0.2499976E+00  0.1446233E+01 -0.1893398E+02
  16  0.2599986E+00  0.4000181E+00  0.4343749E-02  0.5133464E-01
  21  0.4704907E+00  0.3992573E+00  0.4609302E+00 -0.1892818E+02
  26  0.6297980E+00  0.2591479E+00 -0.1208779E+01  0.2340412E+01
  31  0.6500599E+00 -0.1500203E+00 -0.9766297E+00 -0.2440259E+01
  36  0.4893060E+00 -0.4598589E+00 -0.1668358E+01  0.3549715E+02
  41  0.2700603E+00 -0.3998572E+00  0.2385269E-01 -0.2363730E+01
  46  0.1106930E+00 -0.2600085E+00  0.1670212E+01 -0.2139790E+02
  51  0.2947772E-01 -0.9997971E-01 -0.4685277E+00  0.2134454E+02
  56  0.6638260E-03 -0.6056075E-01  0.1656393E+01 -0.1890406E+02
  61  0.6674057E-07 -0.4103298E-05  0.0000000E+00  0.5457453E-02
  
 TEST16
   Least squares approximation by splines.
 Run number  1
  
 B spline coefficients:
  
   1.00000       0.00000       0.00000       1.25000       1.43916    
   1.68584       1.99864    
  
 Approximation by splines of order  2
 using  6  intervals.
  
 Breakpoints:
  
  0.166667      0.333333      0.500000      0.666667      0.833333    
 Piecewise polynomial representation:
    0.000  0.100000E+01 -0.600000E+01
    0.167  0.000000E+00  0.000000E+00
    0.333  0.000000E+00  0.750000E+01
    0.500  0.125000E+01  0.113495E+01
    0.667  0.143916E+01  0.148010E+01
    0.833  0.168584E+01  0.187682E+01
  
  Least square error = 1.169943251E-3
  Average error     = 8.56149185E-4
  Maximum error     = 2.437233925E-3
  



              approximation and scaled error curve
       data point       approximation   deviation x 10**4
   1      0.00000000      1.00000000         0.000000
   2      0.50000000      1.25000000         0.000000
   3      0.75000000      1.56250012        -0.001192
   4      0.87500000      1.76404226        15.827417
   5      0.93750000      1.88134348       -24.372339
   6      0.96875000      1.93999422       -15.176535
   7      0.98437500      1.96931958        -3.254414
   8      0.99218750      1.98398221         4.538298
   9      0.99609375      1.99131346         8.893013
  10      1.00000000      1.99864483        13.551712
 Run number  2
  
 Approximation by splines of order  3
 using  1  intervals.
  
 Breakpoints:
  

  
  Least square error = 0.48241815
  Average error     = 0.409987628
  Maximum error     = 1.40884018
  
  
 Approximation by splines of order  3
 using  2  intervals.
  
 Breakpoints:
  
   1.54687    
  
  Least square error = 0.127048656
  Average error     = 9.526323527E-2
  Maximum error     = 0.445590973
  
  
 Approximation by splines of order  3
 using  3  intervals.
  
 Breakpoints:
  
   1.04687       2.04687    
  
  Least square error = 4.017098248E-2
  Average error     = 2.906035259E-2
  Maximum error     = 0.142299652
  
  
 Approximation by splines of order  3
 using  4  intervals.
  
 Breakpoints:
  
  0.796875       1.54687       2.29687    
  
  Least square error = 1.774271578E-2
  Average error     = 1.306293346E-2
  Maximum error     = 5.933952332E-2
  
  
 Approximation by splines of order  3
 using  5  intervals.
  
 Breakpoints:
  
  0.646875       1.24688       1.84688       2.44688    
  
  Least square error = 9.49932728E-3
  Average error     = 7.179234643E-3
  Maximum error     = 2.837371826E-2
  
  
 Approximation by splines of order  3
 using  6  intervals.
  
 Breakpoints:
  
  0.546875       1.04687       1.54687       2.04687       2.54687    
  
  Least square error = 5.446870346E-3
  Average error     = 3.904346377E-3
  Maximum error     = 1.504325867E-2
  
  
 Approximation by splines of order  3
 using  7  intervals.
  
 Breakpoints:
  
  0.475446      0.904018       1.33259       1.76116       2.18973    
   2.61830    
  
  Least square error = 4.532678053E-3
  Average error     = 3.555358388E-3
  Maximum error     = 1.271152496E-2
  
  
 Approximation by splines of order  3
 using  8  intervals.
  
 Breakpoints:
  
  0.421875      0.796875       1.17187       1.54687       1.92187    
   2.29687       2.67187    
  
  Least square error = 3.677673871E-3
  Average error     = 2.800550777E-3
  Maximum error     = 8.812904358E-3
  
  
 Approximation by splines of order  3
 using  9  intervals.
  
 Breakpoints:
  
  0.380208      0.713542       1.04687       1.38021       1.71354    
   2.04687       2.38021       2.71354    
  
  Least square error = 3.052575979E-3
  Average error     = 2.476217225E-3
  Maximum error     = 6.376266479E-3
  
  
 Approximation by splines of order  3
 using  10  intervals.
  
 Breakpoints:
  
  0.346875      0.646875      0.946875       1.24688       1.54687    
   1.84688       2.14688       2.44688       2.74688    
  
  Least square error = 2.740368014E-3
  Average error     = 2.276957966E-3
  Maximum error     = 6.358861923E-3
  
  
 Approximation by splines of order  3
 using  11  intervals.
  
 Breakpoints:
  
  0.319602      0.592330      0.865057       1.13778       1.41051    
   1.68324       1.95597       2.22869       2.50142       2.77415    
  
  Least square error = 2.661745762E-3
  Average error     = 2.169504529E-3
  Maximum error     = 5.839824677E-3
  
  
 Approximation by splines of order  3
 using  12  intervals.
  
 Breakpoints:
  
  0.296875      0.546875      0.796875       1.04687       1.29687    
   1.54687       1.79687       2.04687       2.29687       2.54687    
   2.79687    
  
  Least square error = 2.672985662E-3
  Average error     = 2.241132781E-3
  Maximum error     = 6.064414978E-3
  
  
 Approximation by splines of order  3
 using  13  intervals.
  
 Breakpoints:
  
  0.277644      0.508413      0.739183      0.969952       1.20072    
   1.43149       1.66226       1.89303       2.12380       2.35457    
   2.58534       2.81611    
  
  Least square error = 2.589398762E-3
  Average error     = 2.134407405E-3
  Maximum error     = 6.73866272E-3
  
  
 Approximation by splines of order  3
 using  14  intervals.
  
 Breakpoints:
  
  0.261161      0.475446      0.689732      0.904018       1.11830    
   1.33259       1.54687       1.76116       1.97545       2.18973    
   2.40402       2.61830       2.83259    
  
  Least square error = 2.429369604E-3
  Average error     = 1.939784619E-3
  Maximum error     = 6.012201309E-3
  
  
 Approximation by splines of order  3
 using  15  intervals.
  
 Breakpoints:
  
  0.246875      0.446875      0.646875      0.846875       1.04687    
   1.24688       1.44687       1.64688       1.84688       2.04687    
   2.24688       2.44688       2.64688       2.84687    
  
  Least square error = 2.342995489E-3
  Average error     = 1.927865436E-3
  Maximum error     = 5.985975266E-3
  
  
 Approximation by splines of order  3
 using  16  intervals.
  
 Breakpoints:
  
  0.234375      0.421875      0.609375      0.796875      0.984375    
   1.17187       1.35937       1.54687       1.73437       1.92187    
   2.10937       2.29687       2.48437       2.67187       2.85937    
  
  Least square error = 2.336853649E-3
  Average error     = 1.939426991E-3
  Maximum error     = 5.768299103E-3
  
  
 Approximation by splines of order  3
 using  17  intervals.
  
 Breakpoints:
  
  0.223346      0.399816      0.576287      0.752757      0.929228    
   1.10570       1.28217       1.45864       1.63511       1.81158    
   1.98805       2.16452       2.34099       2.51746       2.69393    
   2.87040    
  
  Least square error = 2.334396588E-3
  Average error     = 1.963591669E-3
  Maximum error     = 5.747318268E-3
  
  
 Approximation by splines of order  3
 using  18  intervals.
  
 Breakpoints:
  
  0.213542      0.380208      0.546875      0.713542      0.880208    
   1.04687       1.21354       1.38021       1.54687       1.71354    
   1.88021       2.04687       2.21354       2.38021       2.54687    
   2.71354       2.88021    
  
  Least square error = 2.353867516E-3
  Average error     = 1.945297583E-3
  Maximum error     = 5.966424942E-3
  
  
 Approximation by splines of order  3
 using  19  intervals.
  
 Breakpoints:
  
  0.204770      0.362664      0.520559      0.678454      0.836349    
  0.994243       1.15214       1.31003       1.46793       1.62582    
   1.78372       1.94161       2.09951       2.25740       2.41530    
   2.57319       2.73109       2.88898    
  
  Least square error = 2.284997609E-3
  Average error     = 1.949114027E-3
  Maximum error     = 5.889177322E-3
  
  
 Approximation by splines of order  3
 using  20  intervals.
  
 Breakpoints:
  
  0.196875      0.346875      0.496875      0.646875      0.796875    
  0.946875       1.09688       1.24688       1.39688       1.54687    
   1.69688       1.84688       1.99688       2.14688       2.29687    
   2.44688       2.59688       2.74688       2.89688    
  
  Least square error = 2.279231325E-3
  Average error     = 1.942423638E-3
  Maximum error     = 5.452871323E-3
  
 Run number  3
  
 B spline coefficients:
  
  0.656041      0.531691      0.884790      0.353686       1.00253    
  0.197963       2.85563      0.945601      0.326213      0.804982    
  0.509818      0.620196    
  
 Approximation by splines of order  5
 using  8  intervals.
  
 Breakpoints:
  
   730.985       794.414       844.476       880.060       907.814    
   938.001       976.752    
 Piecewise polynomial representation:
  595.000  0.656041E+00 -0.365775E-02  0.236948E-03 -0.693620E-05
           0.839415E-07
  730.985  0.638465E+00 -0.387906E-03  0.698495E-04  0.447859E-05
          -0.282138E-06
  794.414  0.754569E+00  0.105199E-02 -0.213633E-03 -0.134172E-04
           0.166254E-05
  844.476  0.694068E+00  0.830921E-02  0.119800E-02  0.698127E-04
          -0.787873E-05
  880.060  0.174614E+01  0.359726E-01 -0.130588E-02 -0.210544E-03
           0.145823E-04
  907.814  0.185190E+01 -0.294021E-01 -0.153304E-02  0.194174E-03
          -0.735897E-05
  938.001  0.901450E+00 -0.209474E-01  0.975549E-03 -0.279707E-04
           0.392864E-06
  976.752  0.587820E+00 -0.334784E-03  0.186625E-03 -0.127469E-04
           0.303771E-06
  
  Least square error = 5.552607775E-2
  Average error     = 3.616134077E-2
  Maximum error     = 0.215727806
  
  
 B spline coefficients:
  
  0.637215      0.633197      0.655432      0.647250      0.684931    
  0.689737      0.741030      0.978093       2.96546      0.340227    
  0.925415      0.357882      0.713294      0.591699    
  
 Approximation by splines of order  5
 using  10  intervals.
  
 Breakpoints:
  
   668.694       739.196       792.258       829.134       860.590    
   887.825       913.836       942.716       984.307    
 Piecewise polynomial representation:
  595.000  0.637215E+00 -0.218081E-03  0.339867E-04 -0.136431E-05
           0.238956E-07
  668.694  0.651793E+00  0.175783E-03 -0.166867E-05  0.396655E-06
          -0.107866E-07
  739.196  0.672102E+00  0.413937E-03 -0.511110E-06 -0.363817E-06
           0.243746E-07
  792.258  0.692339E+00  0.481571E-03  0.144985E-04  0.929555E-06
           0.109618E-06
  829.134  0.736170E+00  0.256440E-02  0.123309E-03  0.497185E-05
           0.200980E-05
  860.590  0.985621E+00  0.193288E-01  0.127403E-02  0.681921E-04
          -0.133438E-04
  887.825  0.190824E+01  0.343904E-01 -0.181758E-02 -0.295225E-03
           0.235158E-04
  913.836  0.177049E+01 -0.437846E-01 -0.154150E-02  0.316452E-03
          -0.144197E-04
  942.716  0.715616E+00 -0.142232E-01  0.158426E-02 -0.999853E-04
           0.278866E-05
  984.307  0.643078E+00 -0.137187E-02 -0.162296E-03  0.159984E-04
          -0.442918E-06
  
  Least square error = 3.078601323E-2
  Average error     = 1.866700128E-2
  Maximum error     = 0.120583653
  
  
 B spline coefficients:
  
  0.630207      0.669333      0.581534      0.763562      0.593101    
  0.835095      0.704334       2.26813       2.20679      0.671183    
  0.717406      0.532992      0.667784      0.559068      0.624994    
  0.605719    
  
 Approximation by splines of order  5
 using  12  intervals.
  
 Breakpoints:
  
   691.730       779.652       828.406       855.685       878.004    
   898.461       918.570       939.931       966.557       997.899    
   1036.45    
 Piecewise polynomial representation:
  595.000  0.630207E+00  0.161796E-02 -0.109167E-03  0.394396E-05
          -0.581620E-07
  691.730  0.658755E+00  0.735971E-03  0.230852E-06 -0.168203E-05
           0.551889E-07
  779.652  0.671235E+00  0.506680E-03  0.656591E-04  0.317034E-05
          -0.300122E-06
  828.406  0.764552E+00  0.167903E-02 -0.136463E-03 -0.114618E-04
           0.552353E-05
  855.685  0.848242E+00  0.123788E-01  0.160598E-02  0.139213E-03
          -0.200810E-04
  878.004  0.157484E+01  0.456863E-01 -0.288374E-03 -0.308968E-03
           0.156565E-04
  898.461  0.212251E+01 -0.252257E-02 -0.333290E-02  0.113132E-04
           0.146825E-04
  918.570  0.151326E+01 -0.473580E-01 -0.136659E-03  0.306570E-03
          -0.210724E-04
  939.931  0.785673E+00 -0.145654E-01  0.160434E-02 -0.143566E-03
           0.620253E-05
  966.557  0.644769E+00 -0.322510E-02 -0.196355E-04  0.215828E-04
          -0.118163E-05
  997.899  0.597283E+00  0.696709E-03  0.764548E-04 -0.154509E-04
           0.744283E-06
 1036.449  0.601911E+00 -0.730192E-03  0.338716E-04  0.132417E-04
          -0.130019E-05
  
  Least square error = 2.611979097E-2
  Average error     = 1.601049304E-2
  Maximum error     = 0.101637363
  
  
 B spline coefficients:
  
  0.638179      0.626656      0.671034      0.623704      0.709980    
  0.657281      0.767185      0.824710       1.35649       2.83430    
   1.16048      0.795148      0.564938      0.641474      0.570092    
  0.624451      0.595934      0.607564    
  
 Approximation by splines of order  5
 using  14  intervals.
  
 Breakpoints:
  
   672.116       739.166       791.838       825.352       848.771    
   868.823       888.756       909.491       929.107       949.130    
   972.328       1002.51       1038.69    
 Piecewise polynomial representation:
  595.000  0.638179E+00 -0.597708E-03  0.711528E-04 -0.302893E-05
           0.542322E-07
  672.116  0.652058E+00  0.280968E-04 -0.117023E-05  0.115325E-05
          -0.396691E-07
  739.166  0.675843E+00  0.549008E-03 -0.130153E-04 -0.150657E-05
           0.107094E-06
  791.838  0.684359E+00  0.381864E-03  0.561872E-04  0.413426E-05
          -0.296385E-06
  825.352  0.739070E+00  0.272726E-02  0.282939E-04 -0.579883E-05
           0.245470E-05
  848.771  0.829050E+00  0.705448E-02  0.565634E-03  0.516879E-04
           0.671348E-06
  868.823  0.115821E+01  0.296905E-01  0.173706E-02  0.651500E-04
          -0.284276E-04
  888.756  0.199410E+01  0.397358E-01 -0.261154E-02 -0.501483E-03
           0.506816E-04
  909.491  0.190187E+01 -0.469153E-01 -0.211479E-02  0.549397E-03
          -0.354957E-04
  929.107  0.104685E+01 -0.273509E-01  0.183293E-02 -0.146910E-03
           0.769930E-05
  949.130  0.721651E+00 -0.979892E-02  0.434750E-03  0.724760E-05
          -0.142431E-05
  972.328  0.609208E+00 -0.726974E-03  0.219639E-03 -0.257933E-04
           0.115200E-05
 1002.507  0.608945E+00 -0.567071E-03 -0.341698E-04  0.897329E-05
          -0.462219E-06
 1038.688  0.603893E+00  0.421243E-03 -0.120415E-04 -0.775007E-05
           0.802824E-06
  
  Least square error = 1.298289653E-2
  Average error     = 7.934784517E-3
  Maximum error     = 5.036437511E-2
  
  
 TEST17
 Solution of second order two point
 boundary value problem.
  
 Carrier's nonlinear perturb. problem
  
 EPS =  4.999999888E-3
 approximation from a space of splines of order  6 on   4 intervals,
 of dimension  18.  breakpoints -
    0.2500000000E+00    0.5000000000E+00    0.7500000000E+00
  
 Results on interation  5
  
 The piecewise polynomial representation of the approximation:
  
    0.000-0.100000E+01  0.000E+00 -0.381E-04  0.252E-02 -0.659E-01  0.692E+00
    0.250-0.100000E+01  0.101E-04 -0.486E-03  0.477E-01 -0.132E+01  0.195E+02
    0.500-0.999944E+00  0.112E-02 -0.629E-01  0.676E+01 -0.188E+03  0.280E+04
    0.750-0.991799E+00  0.163E+00  0.452E+01 -0.139E+02  0.215E+04  0.609E+05
  
  X, G(X) and G(X)-F(X) at selected points:
  
   0.750000     -0.991843     -0.437498E-04
   0.781250     -0.984779     -0.327408E-03
   0.812500     -0.971626     -0.166118E-03
   0.843750     -0.947207      0.693440E-03
   0.875000     -0.902123      0.104773E-02
   0.906250     -0.819725     -0.556469E-03
   0.937500     -0.671950     -0.346506E-02
   0.968750     -0.415996     -0.341022E-02
    1.00000       0.00000       0.00000    
 approximation from a space of splines of order  6 on   4 intervals,
 of dimension  18.  breakpoints -
    0.4417714477E+00    0.6529041529E+00    0.8314099312E+00
  
 Results on interation  2
  
 The piecewise polynomial representation of the approximation:
  
    0.000-0.100000E+01  0.000E+00 -0.293E-03  0.130E-01 -0.220E+00  0.149E+01
    0.442-0.999983E+00  0.339E-03 -0.198E-02  0.938E+00 -0.274E+02  0.550E+03
    0.653-0.998827E+00  0.234E-01  0.261E+00  0.315E+02 -0.820E+03  0.242E+05
    0.831-0.958661E+00  0.821E+00  0.199E+02 -0.969E+02  0.235E+05 -0.156E+06
  
  X, G(X) and G(X)-F(X) at selected points:
  
   0.750000     -0.991843     -0.385046E-04
   0.781250     -0.984779      0.147223E-04
   0.812500     -0.971626      0.188351E-04
   0.843750     -0.947207     -0.186861E-03
   0.875000     -0.902123     -0.183642E-03
   0.906250     -0.819725      0.753820E-03
   0.937500     -0.671950      0.931621E-04
   0.968750     -0.415996     -0.126016E-02
    1.00000       0.00000       0.00000    
 approximation from a space of splines of order  6 on   4 intervals,
 of dimension  18.  breakpoints -
    0.4450708628E+00    0.6789402366E+00    0.8465198278E+00
  
 Results on interation  1
  
 The piecewise polynomial representation of the approximation:
  
    0.000-0.100000E+01  0.670E-06 -0.331E-03  0.138E-01 -0.231E+00  0.155E+01
    0.445-0.999981E+00  0.365E-03 -0.108E-01  0.161E+01 -0.461E+02  0.770E+03
    0.679-0.998027E+00  0.394E-01  0.555E+00  0.425E+02 -0.990E+03  0.351E+05
    0.847-0.944220E+00  0.111E+01  0.253E+02 -0.248E+02  0.291E+05 -0.254E+06
  
  X, G(X) and G(X)-F(X) at selected points:
  
   0.750000     -0.991843     -0.333786E-04
   0.781250     -0.984779     -0.221133E-04
   0.812500     -0.971626      0.312924E-04
   0.843750     -0.947207     -0.691414E-05
   0.875000     -0.902123     -0.303209E-03
   0.906250     -0.819725      0.414133E-03
   0.937500     -0.671950      0.332952E-03
   0.968750     -0.415996     -0.839949E-03
    1.00000       0.00000       0.00000    
  
 TEST18
 Taut spline interpolation
  
  
 Cubic spline versus taut spline with gamma  =  2.5
  
   595.000      0.644000      0.644000    
   597.400      0.645367      0.645206    
   599.800      0.646593      0.646300    
   602.200      0.647685      0.647286    
   604.600      0.648648      0.648168    
   607.000      0.649487      0.648949    
   609.400      0.650208      0.649634    
   611.800      0.650817      0.650226    
   614.200      0.651318      0.650731    
   616.600      0.651718      0.651151    
   619.000      0.652022      0.651490    
   621.400      0.652235      0.651754    
   623.800      0.652363      0.651945    
   626.200      0.652412      0.652068    
   628.600      0.652387      0.652127    
   631.000      0.652293      0.652125    
   633.400      0.652137      0.652068    
   635.800      0.651923      0.651958    
   638.200      0.651657      0.651800    
   640.600      0.651345      0.651597    
   643.000      0.650992      0.651355    
   645.400      0.650603      0.651076    
   647.800      0.650185      0.650766    
   650.200      0.649742      0.650427    
   652.600      0.649281      0.650064    
   655.000      0.648807      0.649680    
   657.400      0.648324      0.649281    
   659.800      0.647840      0.648870    
   662.200      0.647359      0.648450    
   664.600      0.646886      0.648026    
   667.000      0.646428      0.647603    
   669.400      0.645990      0.647183    
   671.800      0.645577      0.646771    
   674.200      0.645195      0.646371    
   676.600      0.644849      0.645986    
   679.000      0.644546      0.645622    
   681.400      0.644290      0.645282    
   683.800      0.644086      0.644970    
   686.200      0.643942      0.644690    
   688.600      0.643861      0.644445    
   691.000      0.643849      0.644241    
   693.400      0.643913      0.644080    
   695.800      0.644057      0.643968    
   698.200      0.644285      0.643906    
   700.600      0.644593      0.643894    
   703.000      0.644979      0.643931    
   705.400      0.645442      0.644016    
   707.800      0.645978      0.644150    
   710.200      0.646586      0.644331    
   712.600      0.647261      0.644559    
   715.000      0.648004      0.644833    
   717.400      0.648809      0.645152    
   719.800      0.649676      0.645517    
   722.200      0.650602      0.645926    
   724.600      0.651584      0.646379    
   727.000      0.652620      0.646875    
   729.400      0.653708      0.647413    
   731.800      0.654844      0.647993    
   734.200      0.656026      0.648615    
   736.600      0.657253      0.649278    
   739.000      0.658521      0.649980    
   741.400      0.659829      0.650722    
   743.800      0.661173      0.651503    
   746.200      0.662551      0.652322    
   748.600      0.663960      0.653179    
   751.000      0.665399      0.654073    
   753.400      0.666865      0.655004    
   755.800      0.668355      0.655982    
   758.200      0.669867      0.657024    
   760.600      0.671398      0.658148    
   763.000      0.672946      0.659373    
   765.400      0.674509      0.660715    
   767.800      0.676083      0.662194    
   770.200      0.677667      0.663826    
   772.600      0.679258      0.665630    
   775.000      0.680854      0.667623    
   777.400      0.682452      0.669824    
   779.800      0.684049      0.672250    
   782.200      0.685644      0.674919    
   784.600      0.687233      0.677850    
   787.000      0.688815      0.681059    
   789.400      0.690387      0.684565    
   791.800      0.691945      0.688385    
   794.200      0.693489      0.692539    
   796.600      0.695019      0.697041    
   799.000      0.696577      0.701892    
   801.400      0.698232      0.707080    
   803.800      0.700053      0.712593    
   806.200      0.702111      0.718421    
   808.600      0.704473      0.724552    
   811.000      0.707210      0.730975    
   813.400      0.710390      0.737677    
   815.800      0.714084      0.744648    
   818.200      0.718360      0.751875    
   820.600      0.723287      0.759348    
   823.000      0.728936      0.767056    
   825.400      0.735375      0.774985    
   827.800      0.742673      0.783126    
   830.200      0.750901      0.791467    
   832.600      0.760126      0.799995    
   835.000      0.770420      0.808713    
   837.400      0.781850      0.817720    
   839.800      0.794487      0.827168    
   842.200      0.808399      0.837209    
   844.600      0.823655      0.847993    
   847.000      0.840326      0.859671    
   849.400      0.858481      0.872395    
   851.800      0.878189      0.886316    
   854.200      0.899518      0.901585    
   856.600      0.922627      0.918467    
   859.000      0.948707      0.938556    
   861.400      0.979613      0.964302    
   863.800       1.01721      0.998169    
   866.200       1.06337       1.04262    
   868.600       1.11995       1.10012    
   871.000       1.18882       1.17314    
   873.400       1.27186       1.26413    
   875.800       1.37087       1.37550    
   878.200       1.48461       1.50529    
   880.600       1.60712       1.64483    
   883.000       1.73201       1.78488    
   885.400       1.85291       1.91618    
   887.800       1.96344       2.02950    
   890.200       2.05722       2.11557    
   892.600       2.12786       2.16515    
   895.000       2.16900       2.16900    
   897.400       2.17613       2.12528    
   899.800       2.15227       2.06119    
   902.200       2.10233       1.99483    
   904.600       2.03122       1.92660    
   907.000       1.94384       1.85604    
   909.400       1.84508       1.78268    
   911.800       1.73986       1.70605    
   914.200       1.63309       1.62570    
   916.600       1.52943       1.54125    
   919.000       1.43082       1.45362    
   921.400       1.33748       1.36453    
   923.800       1.24956       1.27572    
   926.200       1.16725       1.18893    
   928.600       1.09069       1.10589    
   931.000       1.02007       1.02834    
   933.400      0.955543      0.958012    
   935.800      0.897284      0.896630    
   938.200      0.845271      0.844901    
   940.600      0.799194      0.801954    
   943.000      0.758719      0.766785    
   945.400      0.723513      0.738392    
   947.800      0.693245      0.715770    
   950.200      0.667582      0.697918    
   952.600      0.646190      0.683830    
   955.000      0.628735      0.672503    
   957.400      0.614885      0.662934    
   959.800      0.604307      0.654282    
   962.200      0.596668      0.646373    
   964.600      0.591634      0.639199    
   967.000      0.588874      0.632755    
   969.400      0.588053      0.627033    
   971.800      0.588839      0.622027    
   974.200      0.590899      0.617730    
   976.600      0.593899      0.614137    
   979.000      0.597507      0.611239    
   981.400      0.601390      0.609032    
   983.800      0.605214      0.607508    
   986.200      0.608654      0.606652    
   988.600      0.611559      0.606264    
   991.000      0.613951      0.605991    
   993.400      0.615861      0.605722    
   995.800      0.617317      0.605458    
   998.200      0.618351      0.605201    
   1000.60      0.618992      0.604952    
   1003.00      0.619270      0.604712    
   1005.40      0.619216      0.604482    
   1007.80      0.618859      0.604264    
   1010.20      0.618230      0.604059    
   1012.60      0.617358      0.603868    
   1015.00      0.616273      0.603693    
   1017.40      0.615007      0.603534    
   1019.80      0.613587      0.603394    
   1022.20      0.612046      0.603272    
   1024.60      0.610412      0.603171    
   1027.00      0.608717      0.603092    
   1029.40      0.606988      0.603035    
   1031.80      0.605258      0.603003    
   1034.20      0.603556      0.602996    
   1036.60      0.601912      0.603016    
   1039.00      0.600355      0.603064    
   1041.40      0.598917      0.603142    
   1043.80      0.597627      0.603250    
   1046.20      0.596515      0.603389    
   1048.60      0.595611      0.603562    
   1051.00      0.594945      0.603769    
   1053.40      0.594548      0.604011    
   1055.80      0.594449      0.604291    
   1058.20      0.594678      0.604608    
   1060.60      0.595265      0.604964    
   1063.00      0.596242      0.605362    
   1065.40      0.597636      0.605801    
   1067.80      0.599479      0.606283    
   1070.20      0.601801      0.606809    
   1072.60      0.604631      0.607381    
   1075.00      0.608000      0.608000    
  
 TEST19
   Two parameterizations
  
 Using the "natural" parameterization.
  
       X           Y
  
  0.200000      0.100000E-01
  0.210000      0.810000E-02
  0.220000      0.640000E-02
  0.230000      0.490000E-02
  0.240000      0.360000E-02
  0.250000      0.250000E-02
  0.260000      0.160000E-02
  0.270000      0.899998E-03
  0.280000      0.399999E-03
  0.290000      0.999989E-04
  0.300000     -0.186265E-08
  0.310000      0.999992E-04
  0.320000      0.399998E-03
  0.330000      0.899996E-03
  0.340000      0.159999E-02
  0.350000      0.249999E-02
  0.360000      0.359999E-02
  0.370000      0.489999E-02
  0.380000      0.639998E-02
  0.390000      0.809998E-02
  0.400000      0.999998E-02
  
 Using the "uniform" parameterization.
  
       X           Y
  
  0.200000      0.100000E-01
  0.218147      0.740950E-02
  0.236597      0.528676E-02
  0.254442      0.357849E-02
  0.270771      0.223144E-02
  0.284677      0.119231E-02
  0.295251      0.407824E-03
  0.301598     -0.174959E-03
  0.303697     -0.589269E-03
  0.302881     -0.837759E-03
  0.300599     -0.920454E-03
  0.298298     -0.837377E-03
  0.297429     -0.588551E-03
  0.299439     -0.174002E-03
  0.305663      0.408882E-03
  0.316085      0.119333E-02
  0.329824      0.223232E-02
  0.345982      0.357918E-02
  0.363662      0.528721E-02
  0.381967      0.740972E-02
  0.400000      0.100000E-01
  
 TEST20
   Bivariate interpolation
   using B-splines.
  
 The given data to be interpolated:
  
         1.0         2.0         3.0         4.0         5.0         6.0
  1.0 0.00000E+00 0.00000E+00 0.00000E+00 0.10000E+01 0.80000E+01 0.27000E+02
  2.0 0.00000E+00 0.00000E+00 0.00000E+00 0.10000E+01 0.80000E+01 0.27000E+02
  3.0 0.00000E+00 0.00000E+00 0.00000E+00 0.10000E+01 0.80000E+01 0.27000E+02
  4.0 0.25000E+00 0.25000E+00 0.25000E+00 0.12500E+01 0.82500E+01 0.27250E+02
  5.0 0.22500E+01 0.22500E+01 0.22500E+01 0.32500E+01 0.10250E+02 0.29250E+02
  6.0 0.62500E+01 0.62500E+01 0.62500E+01 0.72500E+01 0.14250E+02 0.33250E+02
  7.0 0.12250E+02 0.12250E+02 0.12250E+02 0.13250E+02 0.20250E+02 0.39250E+02
  
 Interpolating function:
  
         1.0         2.0         3.0         4.0         5.0         6.0
  1.0 0.00000E+00 0.00000E+00 0.11842E-14 0.10000E+01 0.80000E+01 0.27000E+02
  2.0 0.00000E+00 0.44409E-15 0.47370E-14 0.10000E+01 0.80000E+01 0.27000E+02
  3.0 0.00000E+00-0.44409E-15 0.11842E-14 0.10000E+01 0.80000E+01 0.27000E+02
  4.0 0.25000E+00 0.25000E+00 0.25000E+00 0.12500E+01 0.82500E+01 0.27250E+02
  5.0 0.22500E+01 0.22500E+01 0.22500E+01 0.32500E+01 0.10250E+02 0.29250E+02
  6.0 0.62500E+01 0.62500E+01 0.62500E+01 0.72500E+01 0.14250E+02 0.33250E+02
  7.0 0.12250E+02 0.12250E+02 0.12250E+02 0.13250E+02 0.20250E+02 0.39250E+02
  
 Interpolation error:
  
         1.0         2.0         3.0         4.0         5.0         6.0
  1.0 0.00000E+00 0.00000E+00-0.11842E-14-0.11921E-06 0.00000E+00 0.00000E+00
  2.0 0.00000E+00-0.44409E-15-0.47370E-14 0.00000E+00 0.00000E+00 0.00000E+00
  3.0 0.00000E+00 0.44409E-15-0.11842E-14-0.11921E-06 0.00000E+00 0.00000E+00
  4.0 0.00000E+00 0.29802E-07 0.00000E+00 0.00000E+00 0.95367E-06 0.00000E+00
  5.0 0.00000E+00 0.00000E+00 0.00000E+00 0.00000E+00 0.19073E-05 0.00000E+00
  6.0 0.00000E+00 0.95367E-06 0.47684E-06 0.14305E-05 0.19073E-05 0.00000E+00
  7.0 0.00000E+00 0.19073E-05 0.95367E-06 0.00000E+00 0.00000E+00 0.00000E+00
  
 TEST21
   Bivariate interpolation
   using piecewise polynomials.
  
 The given data to be interpolated:
  
         1.0         2.0         3.0         4.0         5.0         6.0
  1.0 0.00000E+00 0.00000E+00 0.00000E+00 0.10000E+01 0.80000E+01 0.27000E+02
  2.0 0.00000E+00 0.00000E+00 0.00000E+00 0.10000E+01 0.80000E+01 0.27000E+02
  3.0 0.00000E+00 0.00000E+00 0.00000E+00 0.10000E+01 0.80000E+01 0.27000E+02
  4.0 0.25000E+00 0.25000E+00 0.25000E+00 0.12500E+01 0.82500E+01 0.27250E+02
  5.0 0.22500E+01 0.22500E+01 0.22500E+01 0.32500E+01 0.10250E+02 0.29250E+02
  6.0 0.62500E+01 0.62500E+01 0.62500E+01 0.72500E+01 0.14250E+02 0.33250E+02
  7.0 0.12250E+02 0.12250E+02 0.12250E+02 0.13250E+02 0.20250E+02 0.39250E+02
  
 Interpolating function:
  
         1.0         2.0         3.0         4.0         5.0         6.0
  1.0 0.00000E+00-0.71054E-14 0.00000E+00 0.10000E+01 0.80000E+01 0.27000E+02
  2.0 0.00000E+00 0.00000E+00-0.17764E-14 0.10000E+01 0.80000E+01 0.27000E+02
  3.0 0.00000E+00 0.71054E-14-0.28866E-14 0.10000E+01 0.80000E+01 0.27000E+02
  4.0 0.25000E+00 0.25000E+00 0.25000E+00 0.12500E+01 0.82500E+01 0.27250E+02
  5.0 0.22500E+01 0.22500E+01 0.22500E+01 0.32500E+01 0.10250E+02 0.29250E+02
  6.0 0.62500E+01 0.62500E+01 0.62500E+01 0.72500E+01 0.14250E+02 0.33250E+02
  7.0 0.12250E+02 0.12250E+02 0.12250E+02 0.13250E+02 0.20250E+02 0.39250E+02
  
 Interpolation error:
  
         1.0         2.0         3.0         4.0         5.0         6.0
  1.0 0.00000E+00 0.71054E-14 0.00000E+00 0.00000E+00 0.95367E-06 0.38147E-05
  2.0 0.00000E+00 0.00000E+00 0.17764E-14 0.59605E-07 0.95367E-06 0.57220E-05
  3.0 0.00000E+00-0.71054E-14 0.28866E-14-0.23842E-06 0.00000E+00 0.00000E+00
  4.0 0.00000E+00 0.14901E-07 0.00000E+00-0.11921E-06 0.00000E+00 0.57220E-05
  5.0 0.00000E+00 0.23842E-06 0.00000E+00 0.23842E-06 0.47684E-05 0.22888E-04
  6.0 0.00000E+00 0.47684E-06 0.00000E+00 0.47684E-06 0.19073E-05 0.38147E-05
  7.0 0.00000E+00 0.19073E-05 0.00000E+00-0.95367E-06 0.38147E-05 0.15259E-04
  
 TEST22
   CSPINT approximates integrals by cubic splines.
   Integrals go from  0.E+0  to  1.
  
      x           x**2         x**3       exp(x)      1/(1+x*x)
  
   0.500000      0.333308      0.249961       1.71826      0.785407    
  
 TEST23
 Compare coefficients to values.
   I   tave(i)      F at tave(i)      bcoef(i)
  
  1   0.00000      -162.00000      -162.00000
  2   0.33333      -130.96297      -129.00000
  3   1.00000       -80.00000       -75.00000
  4   2.00000       -28.00000       -24.00000
  5   3.00000         0.00000         3.00000
  6   4.00000        10.00000        12.00000
  7   5.00000         8.00000         9.00000
  8   6.00000         0.00000         0.00000
  9   7.00000        -8.00000        -9.00000
 10   8.00000       -10.00000       -12.00000
 11   9.00000         0.00000        -3.00000
 12   9.66667        16.29628        15.00000
 13  10.00000        28.00000        28.00000
  
 TEST24
 Plot some B splines
X        B1(X)       B2(X)       B3(X)       B4(X)       B5(X)
  0.000   0.0000000   0.0000000   0.0000000   0.0000000   0.0000000
  0.200   0.0400000   0.0000000   0.0000000   0.0000000   0.0000000
  0.400   0.1600000   0.0000000   0.0000000   0.0000000   0.0000000
  0.600   0.3600000   0.0000000   0.0000000   0.0000000   0.0000000
  0.800   0.6400000   0.0000000   0.0000000   0.0000000   0.0000000
  1.000   1.0000000   0.0000000   0.0000000   0.0000000   0.0000000
  1.200   0.8099999   0.1833334   0.0066667   0.0000000   0.0000000
  1.400   0.6400000   0.3333333   0.0266667   0.0000000   0.0000000
  1.600   0.4900000   0.4500000   0.0600000   0.0000000   0.0000000
  1.800   0.3600000   0.5333333   0.1066667   0.0000000   0.0000000
  2.000   0.2500000   0.5833334   0.1666667   0.0000000   0.0000000
  2.200   0.1600000   0.6000000   0.2400000   0.0000000   0.0000000
  2.400   0.0900000   0.5833333   0.3266667   0.0000000   0.0000000
  2.600   0.0400000   0.5333332   0.4266667   0.0000000   0.0000000
  2.800   0.0100000   0.4500000   0.5400000   0.0000000   0.0000000
  3.000   0.0000000   0.3333333   0.6666667   0.0000000   0.0000000
  3.200   0.0000000   0.2133333   0.7733334   0.0133333   0.0000000
  3.400   0.0000000   0.1200000   0.8266667   0.0533334   0.0000000
  3.600   0.0000000   0.0533333   0.8266666   0.1200001   0.0000000
  3.800   0.0000000   0.0133333   0.7733334   0.2133333   0.0000000
  4.000   0.0000000   0.0000000   0.6666667   0.3333333   0.0000000
  4.200   0.0000000   0.0133334   0.5066664   0.4800002   0.0000000
  4.400   0.0000000   0.0533334   0.2933332   0.6533334   0.0000000
  4.600   0.0000000   0.1200000   0.0266668   0.8533332   0.0000000
  4.800   0.0000000   0.2133334  -0.2933337   1.0800003   0.0000000
  5.000   0.0000000   0.3333333  -0.6666667   1.3333334   0.0000000
  5.200   0.0000000   0.4800002  -1.0933340   1.6133337   0.0000000
  5.400   0.0000000   0.6533334  -1.5733336   1.9200001   0.0000000
  5.600   0.0000000   0.8533332  -2.1066663   2.2533331   0.0000000
  5.800   0.0000000   1.0800003  -2.6933341   2.6133337   0.0000000
  6.000   0.0000000   1.3333334  -3.3333335   3.0000000   0.0000000
  
 TEST25
 Polynomials that build splines.
      -0.8         -0.04266667          1.12373328        -17.16692734         10.48106766
      -0.6         -0.01800000          0.80120009        -14.75079823          9.58320045
      -0.4         -0.00533333          0.54346663        -12.55786800          8.73813438
      -0.2         -0.00066667          0.34493336        -10.57773590          7.94426727
       0.0          0.00000000          0.20000002         -8.80000019          7.20000029
       0.2          0.00066667          0.10306666         -7.21426630          6.50373316
       0.4          0.00533333          0.04853334         -5.81013250          5.85386610
       0.6          0.01800000          0.03080000         -4.57720041          5.24880028
       0.8          0.04266668          0.04426667         -3.50506592          4.68693256
       1.0          0.08333334          0.08333334         -2.58333349          4.16666651
       1.2          0.14400001          0.14240001         -1.80159998          3.68639994
       1.4          0.22866671          0.21586671         -1.14946628          3.24453306
       1.6          0.34133342          0.29813337         -0.61653322          2.83946657
       1.8          0.48599994          0.38359997         -0.19240010          2.46960020
       2.0          0.66666669          0.46666670          0.13333333          2.13333344
       2.2          0.88733333          0.54173332          0.37106675          1.82906663
       2.4          1.15200007          0.60320008          0.53120005          1.55519986
       2.6          1.46466684          0.64546669          0.62413335          1.31013322
       2.8          1.82933319          0.66293335          0.66026658          1.09226680
       3.0          2.25000000          0.65000004          0.65000004          0.90000004
       3.2          2.73066735          0.60106653          0.60373324          0.73173314
       3.4          3.27533364          0.51053321          0.53186667          0.58586657
       3.6          3.88799953          0.37280005          0.44480008          0.46080002
       3.8          4.57266760          0.18226641          0.35293323          0.35493323
       4.0          5.33333349         -0.06666666          0.26666668          0.26666668
       4.2          6.17400122         -0.37960047          0.19639991          0.19439991
       4.4          7.09866667         -0.76213354          0.15253332          0.13653331
       4.6          8.11133289         -1.21986639          0.14546666          0.09146669
       4.8          9.21600056         -1.75840068          0.18560004          0.05759997
       5.0         10.41666603         -2.38333368          0.28333336          0.03333334
       5.2         11.71733475         -3.10026789          0.44906694          0.01706665
       5.4         13.12200069         -3.91480064          0.69320011          0.00720000
       5.6         14.63466549         -4.83253288          1.02613318          0.00213333
       5.8         16.25933456         -5.85906744          1.45826721          0.00026667
       6.0         18.00000000         -7.00000000          2.00000000          0.00000000
       6.2         19.86067009         -8.26093578          2.66173434         -0.00026667
       6.4         21.84533501         -9.64746666          3.45386696         -0.00213333
       6.6         23.95800018        -11.16519928          4.38679934         -0.00720000
       6.8         26.20266914        -12.81973553          5.47093439         -0.01706668
       7.0         28.58333206        -14.61666679          6.71666670         -0.03333334
  
 SPLPRB
   Normal end of SPLPAK tests.
